,1,3,4,5,6,7,8,9,gold,rater_avg
1,1.0,0.91,0.92,0.92,0.93,0.91,0.87,0.92,0.94,0.92
3,0.91,1.0,0.94,0.92,0.92,0.95,0.89,0.93,0.93,0.93
4,0.92,0.94,1.0,0.9,0.93,0.96,0.92,0.96,0.93,0.93
5,0.92,0.92,0.9,1.0,0.94,0.91,0.88,0.91,0.93,0.91
6,0.93,0.92,0.93,0.94,1.0,0.93,0.9,0.93,0.95,0.93
7,0.91,0.95,0.96,0.91,0.93,1.0,0.9,0.95,0.92,0.93
8,0.87,0.89,0.92,0.88,0.9,0.9,1.0,0.9,0.89,0.89
9,0.92,0.93,0.96,0.91,0.93,0.95,0.9,1.0,0.9,0.92
gold,0.94,0.93,0.93,0.93,0.95,0.92,0.89,0.9,1.0,0.92
