,1,3,4,5,6,7,8,9,gold,rater_avg
1,1.0,0.71,0.85,0.82,0.86,0.68,0.63,0.74,0.85,0.77
3,0.71,1.0,0.72,0.7,0.7,0.74,0.66,0.75,0.85,0.73
4,0.85,0.72,1.0,0.78,0.82,0.67,0.61,0.76,0.79,0.75
5,0.82,0.7,0.78,1.0,0.82,0.66,0.61,0.71,0.83,0.74
6,0.86,0.7,0.82,0.82,1.0,0.67,0.61,0.73,0.8,0.75
7,0.68,0.74,0.67,0.66,0.67,1.0,0.62,0.78,0.81,0.7
8,0.63,0.66,0.61,0.61,0.61,0.62,1.0,0.64,0.78,0.64
9,0.74,0.75,0.76,0.71,0.73,0.78,0.64,1.0,0.82,0.74
gold,0.85,0.85,0.79,0.83,0.8,0.81,0.78,0.82,1.0,0.82
