,1,3,4,5,6,7,8,9,gold,rater_avg
1,1.0,0.51,0.71,0.65,0.73,0.47,0.37,0.55,0.73,0.59
3,0.51,1.0,0.51,0.48,0.48,0.52,0.42,0.54,0.71,0.52
4,0.71,0.51,1.0,0.58,0.65,0.45,0.36,0.57,0.63,0.56
5,0.65,0.48,0.58,1.0,0.64,0.43,0.35,0.49,0.67,0.54
6,0.73,0.48,0.65,0.64,1.0,0.45,0.35,0.52,0.63,0.56
7,0.47,0.52,0.45,0.43,0.45,1.0,0.36,0.58,0.66,0.49
8,0.37,0.42,0.36,0.35,0.35,0.36,1.0,0.39,0.6,0.4
9,0.55,0.54,0.57,0.49,0.52,0.58,0.39,1.0,0.67,0.54
gold,0.73,0.71,0.63,0.67,0.63,0.66,0.6,0.67,1.0,0.66
